{
 "cells": [
  {
   "source": [
    "import pandas as pd\n",
    "import time\n",
    "import numpy as np\n",
    "import matplotlib.pyplot as plt"
   ],
   "cell_type": "code",
   "metadata": {},
   "execution_count": 19,
   "outputs": []
  },
  {
   "cell_type": "code",
   "execution_count": 20,
   "metadata": {},
   "outputs": [],
   "source": [
    "n=15    "
   ]
  },
  {
   "cell_type": "code",
   "execution_count": 21,
   "metadata": {},
   "outputs": [],
   "source": [
    "cidades=[i for i in range(n)]\n",
    "arcos=[(i,j) for i in cidades for j in cidades if i!=j]"
   ]
  },
  {
   "cell_type": "code",
   "execution_count": 22,
   "metadata": {},
   "outputs": [],
   "source": [
    "rnd=np.random\n",
    "rnd.seed(0)\n",
    "\n",
    "coord_x=rnd.rand(n)*100\n",
    "\n",
    "coord_y=rnd.rand(n)*100\n"
   ]
  },
  {
   "cell_type": "code",
   "execution_count": 23,
   "metadata": {},
   "outputs": [
    {
     "output_type": "execute_result",
     "data": {
      "text/plain": [
       "{(0, 1): 17.93265079283009,\n",
       " (0, 2): 74.744012646549,\n",
       " (0, 3): 69.10386282989913,\n",
       " (0, 4): 79.282422760699,\n",
       " (0, 5): 89.67593643916416,\n",
       " (0, 6): 72.06642503315611,\n",
       " (0, 7): 50.769989739520064,\n",
       " (0, 8): 80.80243155547551,\n",
       " (0, 9): 16.827926889670366,\n",
       " (0, 10): 60.38084968960931,\n",
       " (0, 11): 5.964802418561083,\n",
       " (0, 12): 85.77552266708571,\n",
       " (0, 13): 57.52792004522657,\n",
       " (0, 14): 57.92658440667964,\n",
       " (1, 0): 17.93265079283009,\n",
       " (1, 2): 82.01437167853298,\n",
       " (1, 3): 77.6836368752562,\n",
       " (1, 4): 89.84107204865643,\n",
       " (1, 5): 96.09018088800013,\n",
       " (1, 6): 82.69284974767815,\n",
       " (1, 7): 47.528204153815516,\n",
       " (1, 8): 79.98821838367196,\n",
       " (1, 9): 34.593585975296314,\n",
       " (1, 10): 62.441096330607174,\n",
       " (1, 11): 22.33110430965748,\n",
       " (1, 12): 93.60877933860003,\n",
       " (1, 13): 54.39704045625276,\n",
       " (1, 14): 75.53272090238401,\n",
       " (2, 0): 74.744012646549,\n",
       " (2, 1): 82.01437167853298,\n",
       " (2, 3): 7.947543912159411,\n",
       " (2, 4): 18.297012477547327,\n",
       " (2, 5): 15.223607163862997,\n",
       " (2, 6): 16.853137028256945,\n",
       " (2, 7): 47.03953884932523,\n",
       " (2, 8): 36.46392786105447,\n",
       " (2, 9): 74.72559505832989,\n",
       " (2, 10): 26.988765545296307,\n",
       " (2, 11): 69.32134858811875,\n",
       " (2, 12): 11.730469103082587,\n",
       " (2, 13): 44.81074148013083,\n",
       " (2, 14): 67.6330356697938,\n",
       " (3, 0): 69.10386282989913,\n",
       " (3, 1): 77.6836368752562,\n",
       " (3, 2): 7.947543912159411,\n",
       " (3, 4): 15.209778110450292,\n",
       " (3, 5): 22.447284373223333,\n",
       " (3, 6): 10.933207082500445,\n",
       " (3, 7): 46.96989612453244,\n",
       " (3, 8): 41.87862974555369,\n",
       " (3, 9): 67.934387013098,\n",
       " (3, 10): 28.291344677551148,\n",
       " (3, 11): 63.500477311982486,\n",
       " (3, 12): 16.81152904841764,\n",
       " (3, 13): 45.89517904116922,\n",
       " (3, 14): 59.720982516586695,\n",
       " (4, 0): 79.282422760699,\n",
       " (4, 1): 89.84107204865643,\n",
       " (4, 2): 18.297012477547327,\n",
       " (4, 3): 15.209778110450292,\n",
       " (4, 5): 24.735726780973025,\n",
       " (4, 6): 7.22104041805882,\n",
       " (4, 7): 62.13160932684106,\n",
       " (4, 8): 54.73717204873977,\n",
       " (4, 9): 75.28125338857734,\n",
       " (4, 10): 43.40709934283557,\n",
       " (4, 11): 73.4240139858073,\n",
       " (4, 12): 16.254856636631125,\n",
       " (4, 13): 61.08712301075701,\n",
       " (4, 14): 57.59199499608672,\n",
       " (5, 0): 89.67593643916416,\n",
       " (5, 1): 96.09018088800013,\n",
       " (5, 2): 15.223607163862997,\n",
       " (5, 3): 22.447284373223333,\n",
       " (5, 4): 24.735726780973025,\n",
       " (5, 6): 27.495013596056403,\n",
       " (5, 7): 57.26160598854657,\n",
       " (5, 8): 37.44545779631692,\n",
       " (5, 9): 89.94848629343471,\n",
       " (5, 10): 36.87580966967531,\n",
       " (5, 11): 84.34195415365572,\n",
       " (5, 12): 8.493006659965701,\n",
       " (5, 13): 53.560466225525246,\n",
       " (5, 14): 80.53003209222734,\n",
       " (6, 0): 72.06642503315611,\n",
       " (6, 1): 82.69284974767815,\n",
       " (6, 2): 16.853137028256945,\n",
       " (6, 3): 10.933207082500445,\n",
       " (6, 4): 7.22104041805882,\n",
       " (6, 5): 27.495013596056403,\n",
       " (6, 7): 56.59611071798595,\n",
       " (6, 8): 52.640529784670115,\n",
       " (6, 9): 68.30336491440856,\n",
       " (6, 10): 38.829137957230294,\n",
       " (6, 11): 66.21311491830961,\n",
       " (6, 12): 19.542871566516006,\n",
       " (6, 13): 56.129686570212684,\n",
       " (6, 14): 53.12225539775981,\n",
       " (7, 0): 50.769989739520064,\n",
       " (7, 1): 47.528204153815516,\n",
       " (7, 2): 47.03953884932523,\n",
       " (7, 3): 46.96989612453244,\n",
       " (7, 4): 62.13160932684106,\n",
       " (7, 5): 57.26160598854657,\n",
       " (7, 6): 56.59611071798595,\n",
       " (7, 8): 32.70488058184501,\n",
       " (7, 9): 61.33437241109057,\n",
       " (7, 10): 20.45752197447102,\n",
       " (7, 11): 48.25812897191458,\n",
       " (7, 12): 58.16117678722718,\n",
       " (7, 13): 6.919862516852847,\n",
       " (7, 14): 82.20711647720928,\n",
       " (8, 0): 80.80243155547551,\n",
       " (8, 1): 79.98821838367196,\n",
       " (8, 2): 36.46392786105447,\n",
       " (8, 3): 41.87862974555369,\n",
       " (8, 4): 54.73717204873977,\n",
       " (8, 5): 37.44545779631692,\n",
       " (8, 6): 52.640529784670115,\n",
       " (8, 7): 32.70488058184501,\n",
       " (8, 9): 88.0476032462977,\n",
       " (8, 10): 22.2110858877655,\n",
       " (8, 11): 77.13729245413681,\n",
       " (8, 12): 42.8317188774745,\n",
       " (8, 13): 26.14666597554193,\n",
       " (8, 14): 96.4697498835467,\n",
       " (9, 0): 16.827926889670366,\n",
       " (9, 1): 34.593585975296314,\n",
       " (9, 2): 74.72559505832989,\n",
       " (9, 3): 67.934387013098,\n",
       " (9, 4): 75.28125338857734,\n",
       " (9, 5): 89.94848629343471,\n",
       " (9, 6): 68.30336491440856,\n",
       " (9, 7): 61.33437241109057,\n",
       " (9, 8): 88.0476032462977,\n",
       " (9, 10): 66.24278093878057,\n",
       " (9, 11): 14.759959734841978,\n",
       " (9, 12): 84.67621497613037,\n",
       " (9, 13): 67.58728156989527,\n",
       " (9, 14): 43.06306193912603,\n",
       " (10, 0): 60.38084968960931,\n",
       " (10, 1): 62.441096330607174,\n",
       " (10, 2): 26.988765545296307,\n",
       " (10, 3): 28.291344677551148,\n",
       " (10, 4): 43.40709934283557,\n",
       " (10, 5): 36.87580966967531,\n",
       " (10, 6): 38.829137957230294,\n",
       " (10, 7): 20.45752197447102,\n",
       " (10, 8): 22.2110858877655,\n",
       " (10, 9): 66.24278093878057,\n",
       " (10, 11): 56.18355502014512,\n",
       " (10, 12): 37.80267658948641,\n",
       " (10, 13): 17.85014502134153,\n",
       " (10, 14): 75.50723537861458,\n",
       " (11, 0): 5.964802418561083,\n",
       " (11, 1): 22.33110430965748,\n",
       " (11, 2): 69.32134858811875,\n",
       " (11, 3): 63.500477311982486,\n",
       " (11, 4): 73.4240139858073,\n",
       " (11, 5): 84.34195415365572,\n",
       " (11, 6): 66.21311491830961,\n",
       " (11, 7): 48.25812897191458,\n",
       " (11, 8): 77.13729245413681,\n",
       " (11, 9): 14.759959734841978,\n",
       " (11, 10): 56.18355502014512,\n",
       " (11, 12): 80.22714208566462,\n",
       " (11, 13): 54.82980435066408,\n",
       " (11, 14): 53.22059019496434,\n",
       " (12, 0): 85.77552266708571,\n",
       " (12, 1): 93.60877933860003,\n",
       " (12, 2): 11.730469103082587,\n",
       " (12, 3): 16.81152904841764,\n",
       " (12, 4): 16.254856636631125,\n",
       " (12, 5): 8.493006659965701,\n",
       " (12, 6): 19.542871566516006,\n",
       " (12, 7): 58.16117678722718,\n",
       " (12, 8): 42.8317188774745,\n",
       " (12, 9): 84.67621497613037,\n",
       " (12, 10): 37.80267658948641,\n",
       " (12, 11): 80.22714208566462,\n",
       " (12, 13): 55.37334590925128,\n",
       " (12, 14): 72.65843706564652,\n",
       " (13, 0): 57.52792004522657,\n",
       " (13, 1): 54.39704045625276,\n",
       " (13, 2): 44.81074148013083,\n",
       " (13, 3): 45.89517904116922,\n",
       " (13, 4): 61.08712301075701,\n",
       " (13, 5): 53.560466225525246,\n",
       " (13, 6): 56.129686570212684,\n",
       " (13, 7): 6.919862516852847,\n",
       " (13, 8): 26.14666597554193,\n",
       " (13, 9): 67.58728156989527,\n",
       " (13, 10): 17.85014502134153,\n",
       " (13, 11): 54.82980435066408,\n",
       " (13, 12): 55.37334590925128,\n",
       " (13, 14): 86.12564690535685,\n",
       " (14, 0): 57.92658440667964,\n",
       " (14, 1): 75.53272090238401,\n",
       " (14, 2): 67.6330356697938,\n",
       " (14, 3): 59.720982516586695,\n",
       " (14, 4): 57.59199499608672,\n",
       " (14, 5): 80.53003209222734,\n",
       " (14, 6): 53.12225539775981,\n",
       " (14, 7): 82.20711647720928,\n",
       " (14, 8): 96.4697498835467,\n",
       " (14, 9): 43.06306193912603,\n",
       " (14, 10): 75.50723537861458,\n",
       " (14, 11): 53.22059019496434,\n",
       " (14, 12): 72.65843706564652,\n",
       " (14, 13): 86.12564690535685}"
      ]
     },
     "metadata": {},
     "execution_count": 23
    }
   ],
   "source": [
    "#matriz distância\n",
    "distancia={(i,j): np.hypot(coord_x[i]-coord_x[j],coord_y[i]-coord_y[j]) for i,j in arcos}\n",
    "distancia"
   ]
  },
  {
   "cell_type": "code",
   "execution_count": 24,
   "metadata": {},
   "outputs": [
    {
     "output_type": "display_data",
     "data": {
      "text/plain": "<Figure size 864x432 with 1 Axes>",
      "image/svg+xml": "<?xml version=\"1.0\" encoding=\"utf-8\" standalone=\"no\"?>\r\n<!DOCTYPE svg PUBLIC \"-//W3C//DTD SVG 1.1//EN\"\r\n  \"http://www.w3.org/Graphics/SVG/1.1/DTD/svg11.dtd\">\r\n<!-- Created with matplotlib (https://matplotlib.org/) -->\r\n<svg height=\"386.514375pt\" version=\"1.1\" viewBox=\"0 0 727.620174 386.514375\" width=\"727.620174pt\" xmlns=\"http://www.w3.org/2000/svg\" xmlns:xlink=\"http://www.w3.org/1999/xlink\">\r\n <defs>\r\n  <style type=\"text/css\">\r\n*{stroke-linecap:butt;stroke-linejoin:round;}\r\n  </style>\r\n </defs>\r\n <g id=\"figure_1\">\r\n  <g id=\"patch_1\">\r\n   <path d=\"M 0 386.514375 \r\nL 727.620174 386.514375 \r\nL 727.620174 0 \r\nL 0 0 \r\nz\r\n\" style=\"fill:none;\"/>\r\n  </g>\r\n  <g id=\"axes_1\">\r\n   <g id=\"patch_2\">\r\n    <path d=\"M 46.965625 348.958125 \r\nL 716.565625 348.958125 \r\nL 716.565625 22.798125 \r\nL 46.965625 22.798125 \r\nz\r\n\" style=\"fill:#ffffff;\"/>\r\n   </g>\r\n   <g id=\"PathCollection_1\">\r\n    <defs>\r\n     <path d=\"M 0 3 \r\nC 0.795609 3 1.55874 2.683901 2.12132 2.12132 \r\nC 2.683901 1.55874 3 0.795609 3 0 \r\nC 3 -0.795609 2.683901 -1.55874 2.12132 -2.12132 \r\nC 1.55874 -2.683901 0.795609 -3 0 -3 \r\nC -0.795609 -3 -1.55874 -2.683901 -2.12132 -2.12132 \r\nC -2.683901 -1.55874 -3 -0.795609 -3 0 \r\nC -3 0.795609 -2.683901 1.55874 -2.12132 2.12132 \r\nC -1.55874 2.683901 -0.795609 3 0 3 \r\nz\r\n\" id=\"m16165b8714\" style=\"stroke:#0000ff;\"/>\r\n    </defs>\r\n    <g clip-path=\"url(#pa1c5daecb9)\">\r\n     <use style=\"fill:#0000ff;stroke:#0000ff;\" x=\"403.220428\" xlink:href=\"#m16165b8714\" y=\"313.407345\"/>\r\n     <use style=\"fill:#0000ff;stroke:#0000ff;\" x=\"516.669151\" xlink:href=\"#m16165b8714\" y=\"334.104219\"/>\r\n     <use style=\"fill:#0000ff;stroke:#0000ff;\" x=\"440.00788\" xlink:href=\"#m16165b8714\" y=\"82.812273\"/>\r\n     <use style=\"fill:#0000ff;stroke:#0000ff;\" x=\"400.540412\" xlink:href=\"#m16165b8714\" y=\"99.658793\"/>\r\n     <use style=\"fill:#0000ff;stroke:#0000ff;\" x=\"317.876947\" xlink:href=\"#m16165b8714\" y=\"71.246089\"/>\r\n     <use style=\"fill:#0000ff;stroke:#0000ff;\" x=\"469.417958\" xlink:href=\"#m16165b8714\" y=\"37.652031\"/>\r\n     <use style=\"fill:#0000ff;stroke:#0000ff;\" x=\"327.37721\" xlink:href=\"#m16165b8714\" y=\"93.162514\"/>\r\n     <use style=\"fill:#0000ff;stroke:#0000ff;\" x=\"637.078371\" xlink:href=\"#m16165b8714\" y=\"197.613416\"/>\r\n     <use style=\"fill:#0000ff;stroke:#0000ff;\" x=\"686.098711\" xlink:href=\"#m16165b8714\" y=\"98.924954\"/>\r\n     <use style=\"fill:#0000ff;stroke:#0000ff;\" x=\"290.456231\" xlink:href=\"#m16165b8714\" y=\"303.773537\"/>\r\n     <use style=\"fill:#0000ff;stroke:#0000ff;\" x=\"568.857455\" xlink:href=\"#m16165b8714\" y=\"142.417857\"/>\r\n     <use style=\"fill:#0000ff;stroke:#0000ff;\" x=\"389.638302\" xlink:href=\"#m16165b8714\" y=\"296.016146\"/>\r\n     <use style=\"fill:#0000ff;stroke:#0000ff;\" x=\"416.333742\" xlink:href=\"#m16165b8714\" y=\"48.153264\"/>\r\n     <use style=\"fill:#0000ff;stroke:#0000ff;\" x=\"660.142104\" xlink:href=\"#m16165b8714\" y=\"178.940094\"/>\r\n     <use style=\"fill:#0000ff;stroke:#0000ff;\" x=\"77.432539\" xlink:href=\"#m16165b8714\" y=\"212.094977\"/>\r\n    </g>\r\n   </g>\r\n   <g id=\"matplotlib.axis_1\">\r\n    <g id=\"xtick_1\">\r\n     <g id=\"line2d_1\">\r\n      <defs>\r\n       <path d=\"M 0 0 \r\nL 0 3.5 \r\n\" id=\"md9cc9c12a9\" style=\"stroke:#000000;stroke-width:0.8;\"/>\r\n      </defs>\r\n      <g>\r\n       <use style=\"stroke:#000000;stroke-width:0.8;\" x=\"165.370743\" xlink:href=\"#md9cc9c12a9\" y=\"348.958125\"/>\r\n      </g>\r\n     </g>\r\n     <g id=\"text_1\">\r\n      <!-- 20 -->\r\n      <defs>\r\n       <path d=\"M 19.1875 8.296875 \r\nL 53.609375 8.296875 \r\nL 53.609375 0 \r\nL 7.328125 0 \r\nL 7.328125 8.296875 \r\nQ 12.9375 14.109375 22.625 23.890625 \r\nQ 32.328125 33.6875 34.8125 36.53125 \r\nQ 39.546875 41.84375 41.421875 45.53125 \r\nQ 43.3125 49.21875 43.3125 52.78125 \r\nQ 43.3125 58.59375 39.234375 62.25 \r\nQ 35.15625 65.921875 28.609375 65.921875 \r\nQ 23.96875 65.921875 18.8125 64.3125 \r\nQ 13.671875 62.703125 7.8125 59.421875 \r\nL 7.8125 69.390625 \r\nQ 13.765625 71.78125 18.9375 73 \r\nQ 24.125 74.21875 28.421875 74.21875 \r\nQ 39.75 74.21875 46.484375 68.546875 \r\nQ 53.21875 62.890625 53.21875 53.421875 \r\nQ 53.21875 48.921875 51.53125 44.890625 \r\nQ 49.859375 40.875 45.40625 35.40625 \r\nQ 44.1875 33.984375 37.640625 27.21875 \r\nQ 31.109375 20.453125 19.1875 8.296875 \r\nz\r\n\" id=\"DejaVuSans-50\"/>\r\n       <path d=\"M 31.78125 66.40625 \r\nQ 24.171875 66.40625 20.328125 58.90625 \r\nQ 16.5 51.421875 16.5 36.375 \r\nQ 16.5 21.390625 20.328125 13.890625 \r\nQ 24.171875 6.390625 31.78125 6.390625 \r\nQ 39.453125 6.390625 43.28125 13.890625 \r\nQ 47.125 21.390625 47.125 36.375 \r\nQ 47.125 51.421875 43.28125 58.90625 \r\nQ 39.453125 66.40625 31.78125 66.40625 \r\nz\r\nM 31.78125 74.21875 \r\nQ 44.046875 74.21875 50.515625 64.515625 \r\nQ 56.984375 54.828125 56.984375 36.375 \r\nQ 56.984375 17.96875 50.515625 8.265625 \r\nQ 44.046875 -1.421875 31.78125 -1.421875 \r\nQ 19.53125 -1.421875 13.0625 8.265625 \r\nQ 6.59375 17.96875 6.59375 36.375 \r\nQ 6.59375 54.828125 13.0625 64.515625 \r\nQ 19.53125 74.21875 31.78125 74.21875 \r\nz\r\n\" id=\"DejaVuSans-48\"/>\r\n      </defs>\r\n      <g transform=\"translate(159.008243 363.556562)scale(0.1 -0.1)\">\r\n       <use xlink:href=\"#DejaVuSans-50\"/>\r\n       <use x=\"63.623047\" xlink:href=\"#DejaVuSans-48\"/>\r\n      </g>\r\n     </g>\r\n    </g>\r\n    <g id=\"xtick_2\">\r\n     <g id=\"line2d_2\">\r\n      <g>\r\n       <use style=\"stroke:#000000;stroke-width:0.8;\" x=\"301.747163\" xlink:href=\"#md9cc9c12a9\" y=\"348.958125\"/>\r\n      </g>\r\n     </g>\r\n     <g id=\"text_2\">\r\n      <!-- 40 -->\r\n      <defs>\r\n       <path d=\"M 37.796875 64.3125 \r\nL 12.890625 25.390625 \r\nL 37.796875 25.390625 \r\nz\r\nM 35.203125 72.90625 \r\nL 47.609375 72.90625 \r\nL 47.609375 25.390625 \r\nL 58.015625 25.390625 \r\nL 58.015625 17.1875 \r\nL 47.609375 17.1875 \r\nL 47.609375 0 \r\nL 37.796875 0 \r\nL 37.796875 17.1875 \r\nL 4.890625 17.1875 \r\nL 4.890625 26.703125 \r\nz\r\n\" id=\"DejaVuSans-52\"/>\r\n      </defs>\r\n      <g transform=\"translate(295.384663 363.556562)scale(0.1 -0.1)\">\r\n       <use xlink:href=\"#DejaVuSans-52\"/>\r\n       <use x=\"63.623047\" xlink:href=\"#DejaVuSans-48\"/>\r\n      </g>\r\n     </g>\r\n    </g>\r\n    <g id=\"xtick_3\">\r\n     <g id=\"line2d_3\">\r\n      <g>\r\n       <use style=\"stroke:#000000;stroke-width:0.8;\" x=\"438.123583\" xlink:href=\"#md9cc9c12a9\" y=\"348.958125\"/>\r\n      </g>\r\n     </g>\r\n     <g id=\"text_3\">\r\n      <!-- 60 -->\r\n      <defs>\r\n       <path d=\"M 33.015625 40.375 \r\nQ 26.375 40.375 22.484375 35.828125 \r\nQ 18.609375 31.296875 18.609375 23.390625 \r\nQ 18.609375 15.53125 22.484375 10.953125 \r\nQ 26.375 6.390625 33.015625 6.390625 \r\nQ 39.65625 6.390625 43.53125 10.953125 \r\nQ 47.40625 15.53125 47.40625 23.390625 \r\nQ 47.40625 31.296875 43.53125 35.828125 \r\nQ 39.65625 40.375 33.015625 40.375 \r\nz\r\nM 52.59375 71.296875 \r\nL 52.59375 62.3125 \r\nQ 48.875 64.0625 45.09375 64.984375 \r\nQ 41.3125 65.921875 37.59375 65.921875 \r\nQ 27.828125 65.921875 22.671875 59.328125 \r\nQ 17.53125 52.734375 16.796875 39.40625 \r\nQ 19.671875 43.65625 24.015625 45.921875 \r\nQ 28.375 48.1875 33.59375 48.1875 \r\nQ 44.578125 48.1875 50.953125 41.515625 \r\nQ 57.328125 34.859375 57.328125 23.390625 \r\nQ 57.328125 12.15625 50.6875 5.359375 \r\nQ 44.046875 -1.421875 33.015625 -1.421875 \r\nQ 20.359375 -1.421875 13.671875 8.265625 \r\nQ 6.984375 17.96875 6.984375 36.375 \r\nQ 6.984375 53.65625 15.1875 63.9375 \r\nQ 23.390625 74.21875 37.203125 74.21875 \r\nQ 40.921875 74.21875 44.703125 73.484375 \r\nQ 48.484375 72.75 52.59375 71.296875 \r\nz\r\n\" id=\"DejaVuSans-54\"/>\r\n      </defs>\r\n      <g transform=\"translate(431.761083 363.556562)scale(0.1 -0.1)\">\r\n       <use xlink:href=\"#DejaVuSans-54\"/>\r\n       <use x=\"63.623047\" xlink:href=\"#DejaVuSans-48\"/>\r\n      </g>\r\n     </g>\r\n    </g>\r\n    <g id=\"xtick_4\">\r\n     <g id=\"line2d_4\">\r\n      <g>\r\n       <use style=\"stroke:#000000;stroke-width:0.8;\" x=\"574.500004\" xlink:href=\"#md9cc9c12a9\" y=\"348.958125\"/>\r\n      </g>\r\n     </g>\r\n     <g id=\"text_4\">\r\n      <!-- 80 -->\r\n      <defs>\r\n       <path d=\"M 31.78125 34.625 \r\nQ 24.75 34.625 20.71875 30.859375 \r\nQ 16.703125 27.09375 16.703125 20.515625 \r\nQ 16.703125 13.921875 20.71875 10.15625 \r\nQ 24.75 6.390625 31.78125 6.390625 \r\nQ 38.8125 6.390625 42.859375 10.171875 \r\nQ 46.921875 13.96875 46.921875 20.515625 \r\nQ 46.921875 27.09375 42.890625 30.859375 \r\nQ 38.875 34.625 31.78125 34.625 \r\nz\r\nM 21.921875 38.8125 \r\nQ 15.578125 40.375 12.03125 44.71875 \r\nQ 8.5 49.078125 8.5 55.328125 \r\nQ 8.5 64.0625 14.71875 69.140625 \r\nQ 20.953125 74.21875 31.78125 74.21875 \r\nQ 42.671875 74.21875 48.875 69.140625 \r\nQ 55.078125 64.0625 55.078125 55.328125 \r\nQ 55.078125 49.078125 51.53125 44.71875 \r\nQ 48 40.375 41.703125 38.8125 \r\nQ 48.828125 37.15625 52.796875 32.3125 \r\nQ 56.78125 27.484375 56.78125 20.515625 \r\nQ 56.78125 9.90625 50.3125 4.234375 \r\nQ 43.84375 -1.421875 31.78125 -1.421875 \r\nQ 19.734375 -1.421875 13.25 4.234375 \r\nQ 6.78125 9.90625 6.78125 20.515625 \r\nQ 6.78125 27.484375 10.78125 32.3125 \r\nQ 14.796875 37.15625 21.921875 38.8125 \r\nz\r\nM 18.3125 54.390625 \r\nQ 18.3125 48.734375 21.84375 45.5625 \r\nQ 25.390625 42.390625 31.78125 42.390625 \r\nQ 38.140625 42.390625 41.71875 45.5625 \r\nQ 45.3125 48.734375 45.3125 54.390625 \r\nQ 45.3125 60.0625 41.71875 63.234375 \r\nQ 38.140625 66.40625 31.78125 66.40625 \r\nQ 25.390625 66.40625 21.84375 63.234375 \r\nQ 18.3125 60.0625 18.3125 54.390625 \r\nz\r\n\" id=\"DejaVuSans-56\"/>\r\n      </defs>\r\n      <g transform=\"translate(568.137504 363.556562)scale(0.1 -0.1)\">\r\n       <use xlink:href=\"#DejaVuSans-56\"/>\r\n       <use x=\"63.623047\" xlink:href=\"#DejaVuSans-48\"/>\r\n      </g>\r\n     </g>\r\n    </g>\r\n    <g id=\"xtick_5\">\r\n     <g id=\"line2d_5\">\r\n      <g>\r\n       <use style=\"stroke:#000000;stroke-width:0.8;\" x=\"710.876424\" xlink:href=\"#md9cc9c12a9\" y=\"348.958125\"/>\r\n      </g>\r\n     </g>\r\n     <g id=\"text_5\">\r\n      <!-- 100 -->\r\n      <defs>\r\n       <path d=\"M 12.40625 8.296875 \r\nL 28.515625 8.296875 \r\nL 28.515625 63.921875 \r\nL 10.984375 60.40625 \r\nL 10.984375 69.390625 \r\nL 28.421875 72.90625 \r\nL 38.28125 72.90625 \r\nL 38.28125 8.296875 \r\nL 54.390625 8.296875 \r\nL 54.390625 0 \r\nL 12.40625 0 \r\nz\r\n\" id=\"DejaVuSans-49\"/>\r\n      </defs>\r\n      <g transform=\"translate(701.332674 363.556562)scale(0.1 -0.1)\">\r\n       <use xlink:href=\"#DejaVuSans-49\"/>\r\n       <use x=\"63.623047\" xlink:href=\"#DejaVuSans-48\"/>\r\n       <use x=\"127.246094\" xlink:href=\"#DejaVuSans-48\"/>\r\n      </g>\r\n     </g>\r\n    </g>\r\n    <g id=\"text_6\">\r\n     <!-- Coord X -->\r\n     <defs>\r\n      <path d=\"M 64.40625 67.28125 \r\nL 64.40625 56.890625 \r\nQ 59.421875 61.53125 53.78125 63.8125 \r\nQ 48.140625 66.109375 41.796875 66.109375 \r\nQ 29.296875 66.109375 22.65625 58.46875 \r\nQ 16.015625 50.828125 16.015625 36.375 \r\nQ 16.015625 21.96875 22.65625 14.328125 \r\nQ 29.296875 6.6875 41.796875 6.6875 \r\nQ 48.140625 6.6875 53.78125 8.984375 \r\nQ 59.421875 11.28125 64.40625 15.921875 \r\nL 64.40625 5.609375 \r\nQ 59.234375 2.09375 53.4375 0.328125 \r\nQ 47.65625 -1.421875 41.21875 -1.421875 \r\nQ 24.65625 -1.421875 15.125 8.703125 \r\nQ 5.609375 18.84375 5.609375 36.375 \r\nQ 5.609375 53.953125 15.125 64.078125 \r\nQ 24.65625 74.21875 41.21875 74.21875 \r\nQ 47.75 74.21875 53.53125 72.484375 \r\nQ 59.328125 70.75 64.40625 67.28125 \r\nz\r\n\" id=\"DejaVuSans-67\"/>\r\n      <path d=\"M 30.609375 48.390625 \r\nQ 23.390625 48.390625 19.1875 42.75 \r\nQ 14.984375 37.109375 14.984375 27.296875 \r\nQ 14.984375 17.484375 19.15625 11.84375 \r\nQ 23.34375 6.203125 30.609375 6.203125 \r\nQ 37.796875 6.203125 41.984375 11.859375 \r\nQ 46.1875 17.53125 46.1875 27.296875 \r\nQ 46.1875 37.015625 41.984375 42.703125 \r\nQ 37.796875 48.390625 30.609375 48.390625 \r\nz\r\nM 30.609375 56 \r\nQ 42.328125 56 49.015625 48.375 \r\nQ 55.71875 40.765625 55.71875 27.296875 \r\nQ 55.71875 13.875 49.015625 6.21875 \r\nQ 42.328125 -1.421875 30.609375 -1.421875 \r\nQ 18.84375 -1.421875 12.171875 6.21875 \r\nQ 5.515625 13.875 5.515625 27.296875 \r\nQ 5.515625 40.765625 12.171875 48.375 \r\nQ 18.84375 56 30.609375 56 \r\nz\r\n\" id=\"DejaVuSans-111\"/>\r\n      <path d=\"M 41.109375 46.296875 \r\nQ 39.59375 47.171875 37.8125 47.578125 \r\nQ 36.03125 48 33.890625 48 \r\nQ 26.265625 48 22.1875 43.046875 \r\nQ 18.109375 38.09375 18.109375 28.8125 \r\nL 18.109375 0 \r\nL 9.078125 0 \r\nL 9.078125 54.6875 \r\nL 18.109375 54.6875 \r\nL 18.109375 46.1875 \r\nQ 20.953125 51.171875 25.484375 53.578125 \r\nQ 30.03125 56 36.53125 56 \r\nQ 37.453125 56 38.578125 55.875 \r\nQ 39.703125 55.765625 41.0625 55.515625 \r\nz\r\n\" id=\"DejaVuSans-114\"/>\r\n      <path d=\"M 45.40625 46.390625 \r\nL 45.40625 75.984375 \r\nL 54.390625 75.984375 \r\nL 54.390625 0 \r\nL 45.40625 0 \r\nL 45.40625 8.203125 \r\nQ 42.578125 3.328125 38.25 0.953125 \r\nQ 33.9375 -1.421875 27.875 -1.421875 \r\nQ 17.96875 -1.421875 11.734375 6.484375 \r\nQ 5.515625 14.40625 5.515625 27.296875 \r\nQ 5.515625 40.1875 11.734375 48.09375 \r\nQ 17.96875 56 27.875 56 \r\nQ 33.9375 56 38.25 53.625 \r\nQ 42.578125 51.265625 45.40625 46.390625 \r\nz\r\nM 14.796875 27.296875 \r\nQ 14.796875 17.390625 18.875 11.75 \r\nQ 22.953125 6.109375 30.078125 6.109375 \r\nQ 37.203125 6.109375 41.296875 11.75 \r\nQ 45.40625 17.390625 45.40625 27.296875 \r\nQ 45.40625 37.203125 41.296875 42.84375 \r\nQ 37.203125 48.484375 30.078125 48.484375 \r\nQ 22.953125 48.484375 18.875 42.84375 \r\nQ 14.796875 37.203125 14.796875 27.296875 \r\nz\r\n\" id=\"DejaVuSans-100\"/>\r\n      <path id=\"DejaVuSans-32\"/>\r\n      <path d=\"M 6.296875 72.90625 \r\nL 16.890625 72.90625 \r\nL 35.015625 45.796875 \r\nL 53.21875 72.90625 \r\nL 63.8125 72.90625 \r\nL 40.375 37.890625 \r\nL 65.375 0 \r\nL 54.78125 0 \r\nL 34.28125 31 \r\nL 13.625 0 \r\nL 2.984375 0 \r\nL 29 38.921875 \r\nz\r\n\" id=\"DejaVuSans-88\"/>\r\n     </defs>\r\n     <g transform=\"translate(361.9125 377.234687)scale(0.1 -0.1)\">\r\n      <use xlink:href=\"#DejaVuSans-67\"/>\r\n      <use x=\"69.824219\" xlink:href=\"#DejaVuSans-111\"/>\r\n      <use x=\"131.005859\" xlink:href=\"#DejaVuSans-111\"/>\r\n      <use x=\"192.1875\" xlink:href=\"#DejaVuSans-114\"/>\r\n      <use x=\"233.285156\" xlink:href=\"#DejaVuSans-100\"/>\r\n      <use x=\"296.761719\" xlink:href=\"#DejaVuSans-32\"/>\r\n      <use x=\"328.548828\" xlink:href=\"#DejaVuSans-88\"/>\r\n     </g>\r\n    </g>\r\n   </g>\r\n   <g id=\"matplotlib.axis_2\">\r\n    <g id=\"ytick_1\">\r\n     <g id=\"line2d_6\">\r\n      <defs>\r\n       <path d=\"M 0 0 \r\nL -3.5 0 \r\n\" id=\"m48771a0777\" style=\"stroke:#000000;stroke-width:0.8;\"/>\r\n      </defs>\r\n      <g>\r\n       <use style=\"stroke:#000000;stroke-width:0.8;\" x=\"46.965625\" xlink:href=\"#m48771a0777\" y=\"340.358172\"/>\r\n      </g>\r\n     </g>\r\n     <g id=\"text_7\">\r\n      <!-- 0 -->\r\n      <g transform=\"translate(33.603125 344.157391)scale(0.1 -0.1)\">\r\n       <use xlink:href=\"#DejaVuSans-48\"/>\r\n      </g>\r\n     </g>\r\n    </g>\r\n    <g id=\"ytick_2\">\r\n     <g id=\"line2d_7\">\r\n      <g>\r\n       <use style=\"stroke:#000000;stroke-width:0.8;\" x=\"46.965625\" xlink:href=\"#m48771a0777\" y=\"278.494189\"/>\r\n      </g>\r\n     </g>\r\n     <g id=\"text_8\">\r\n      <!-- 20 -->\r\n      <g transform=\"translate(27.240625 282.293408)scale(0.1 -0.1)\">\r\n       <use xlink:href=\"#DejaVuSans-50\"/>\r\n       <use x=\"63.623047\" xlink:href=\"#DejaVuSans-48\"/>\r\n      </g>\r\n     </g>\r\n    </g>\r\n    <g id=\"ytick_3\">\r\n     <g id=\"line2d_8\">\r\n      <g>\r\n       <use style=\"stroke:#000000;stroke-width:0.8;\" x=\"46.965625\" xlink:href=\"#m48771a0777\" y=\"216.630207\"/>\r\n      </g>\r\n     </g>\r\n     <g id=\"text_9\">\r\n      <!-- 40 -->\r\n      <g transform=\"translate(27.240625 220.429425)scale(0.1 -0.1)\">\r\n       <use xlink:href=\"#DejaVuSans-52\"/>\r\n       <use x=\"63.623047\" xlink:href=\"#DejaVuSans-48\"/>\r\n      </g>\r\n     </g>\r\n    </g>\r\n    <g id=\"ytick_4\">\r\n     <g id=\"line2d_9\">\r\n      <g>\r\n       <use style=\"stroke:#000000;stroke-width:0.8;\" x=\"46.965625\" xlink:href=\"#m48771a0777\" y=\"154.766224\"/>\r\n      </g>\r\n     </g>\r\n     <g id=\"text_10\">\r\n      <!-- 60 -->\r\n      <g transform=\"translate(27.240625 158.565443)scale(0.1 -0.1)\">\r\n       <use xlink:href=\"#DejaVuSans-54\"/>\r\n       <use x=\"63.623047\" xlink:href=\"#DejaVuSans-48\"/>\r\n      </g>\r\n     </g>\r\n    </g>\r\n    <g id=\"ytick_5\">\r\n     <g id=\"line2d_10\">\r\n      <g>\r\n       <use style=\"stroke:#000000;stroke-width:0.8;\" x=\"46.965625\" xlink:href=\"#m48771a0777\" y=\"92.902241\"/>\r\n      </g>\r\n     </g>\r\n     <g id=\"text_11\">\r\n      <!-- 80 -->\r\n      <g transform=\"translate(27.240625 96.70146)scale(0.1 -0.1)\">\r\n       <use xlink:href=\"#DejaVuSans-56\"/>\r\n       <use x=\"63.623047\" xlink:href=\"#DejaVuSans-48\"/>\r\n      </g>\r\n     </g>\r\n    </g>\r\n    <g id=\"ytick_6\">\r\n     <g id=\"line2d_11\">\r\n      <g>\r\n       <use style=\"stroke:#000000;stroke-width:0.8;\" x=\"46.965625\" xlink:href=\"#m48771a0777\" y=\"31.038258\"/>\r\n      </g>\r\n     </g>\r\n     <g id=\"text_12\">\r\n      <!-- 100 -->\r\n      <g transform=\"translate(20.878125 34.837477)scale(0.1 -0.1)\">\r\n       <use xlink:href=\"#DejaVuSans-49\"/>\r\n       <use x=\"63.623047\" xlink:href=\"#DejaVuSans-48\"/>\r\n       <use x=\"127.246094\" xlink:href=\"#DejaVuSans-48\"/>\r\n      </g>\r\n     </g>\r\n    </g>\r\n    <g id=\"text_13\">\r\n     <!-- Coord Y -->\r\n     <defs>\r\n      <path d=\"M -0.203125 72.90625 \r\nL 10.40625 72.90625 \r\nL 30.609375 42.921875 \r\nL 50.6875 72.90625 \r\nL 61.28125 72.90625 \r\nL 35.5 34.71875 \r\nL 35.5 0 \r\nL 25.59375 0 \r\nL 25.59375 34.71875 \r\nz\r\n\" id=\"DejaVuSans-89\"/>\r\n     </defs>\r\n     <g transform=\"translate(14.798438 205.360156)rotate(-90)scale(0.1 -0.1)\">\r\n      <use xlink:href=\"#DejaVuSans-67\"/>\r\n      <use x=\"69.824219\" xlink:href=\"#DejaVuSans-111\"/>\r\n      <use x=\"131.005859\" xlink:href=\"#DejaVuSans-111\"/>\r\n      <use x=\"192.1875\" xlink:href=\"#DejaVuSans-114\"/>\r\n      <use x=\"233.285156\" xlink:href=\"#DejaVuSans-100\"/>\r\n      <use x=\"296.761719\" xlink:href=\"#DejaVuSans-32\"/>\r\n      <use x=\"328.548828\" xlink:href=\"#DejaVuSans-89\"/>\r\n     </g>\r\n    </g>\r\n   </g>\r\n   <g id=\"patch_3\">\r\n    <path d=\"M 46.965625 348.958125 \r\nL 46.965625 22.798125 \r\n\" style=\"fill:none;stroke:#000000;stroke-linecap:square;stroke-linejoin:miter;stroke-width:0.8;\"/>\r\n   </g>\r\n   <g id=\"patch_4\">\r\n    <path d=\"M 716.565625 348.958125 \r\nL 716.565625 22.798125 \r\n\" style=\"fill:none;stroke:#000000;stroke-linecap:square;stroke-linejoin:miter;stroke-width:0.8;\"/>\r\n   </g>\r\n   <g id=\"patch_5\">\r\n    <path d=\"M 46.965625 348.958125 \r\nL 716.565625 348.958125 \r\n\" style=\"fill:none;stroke:#000000;stroke-linecap:square;stroke-linejoin:miter;stroke-width:0.8;\"/>\r\n   </g>\r\n   <g id=\"patch_6\">\r\n    <path d=\"M 46.965625 22.798125 \r\nL 716.565625 22.798125 \r\n\" style=\"fill:none;stroke:#000000;stroke-linecap:square;stroke-linejoin:miter;stroke-width:0.8;\"/>\r\n   </g>\r\n   <g id=\"text_14\">\r\n    <!-- 0 -->\r\n    <g style=\"fill:#ff0000;\" transform=\"translate(398.447253 328.873341)scale(0.1 -0.1)\">\r\n     <use xlink:href=\"#DejaVuSans-48\"/>\r\n    </g>\r\n   </g>\r\n   <g id=\"text_15\">\r\n    <!-- 1 -->\r\n    <g style=\"fill:#ff0000;\" transform=\"translate(511.895976 349.570215)scale(0.1 -0.1)\">\r\n     <use xlink:href=\"#DejaVuSans-49\"/>\r\n    </g>\r\n   </g>\r\n   <g id=\"text_16\">\r\n    <!-- 2 -->\r\n    <g style=\"fill:#ff0000;\" transform=\"translate(435.234705 98.278269)scale(0.1 -0.1)\">\r\n     <use xlink:href=\"#DejaVuSans-50\"/>\r\n    </g>\r\n   </g>\r\n   <g id=\"text_17\">\r\n    <!-- 3 -->\r\n    <defs>\r\n     <path d=\"M 40.578125 39.3125 \r\nQ 47.65625 37.796875 51.625 33 \r\nQ 55.609375 28.21875 55.609375 21.1875 \r\nQ 55.609375 10.40625 48.1875 4.484375 \r\nQ 40.765625 -1.421875 27.09375 -1.421875 \r\nQ 22.515625 -1.421875 17.65625 -0.515625 \r\nQ 12.796875 0.390625 7.625 2.203125 \r\nL 7.625 11.71875 \r\nQ 11.71875 9.328125 16.59375 8.109375 \r\nQ 21.484375 6.890625 26.8125 6.890625 \r\nQ 36.078125 6.890625 40.9375 10.546875 \r\nQ 45.796875 14.203125 45.796875 21.1875 \r\nQ 45.796875 27.640625 41.28125 31.265625 \r\nQ 36.765625 34.90625 28.71875 34.90625 \r\nL 20.21875 34.90625 \r\nL 20.21875 43.015625 \r\nL 29.109375 43.015625 \r\nQ 36.375 43.015625 40.234375 45.921875 \r\nQ 44.09375 48.828125 44.09375 54.296875 \r\nQ 44.09375 59.90625 40.109375 62.90625 \r\nQ 36.140625 65.921875 28.71875 65.921875 \r\nQ 24.65625 65.921875 20.015625 65.03125 \r\nQ 15.375 64.15625 9.8125 62.3125 \r\nL 9.8125 71.09375 \r\nQ 15.4375 72.65625 20.34375 73.4375 \r\nQ 25.25 74.21875 29.59375 74.21875 \r\nQ 40.828125 74.21875 47.359375 69.109375 \r\nQ 53.90625 64.015625 53.90625 55.328125 \r\nQ 53.90625 49.265625 50.4375 45.09375 \r\nQ 46.96875 40.921875 40.578125 39.3125 \r\nz\r\n\" id=\"DejaVuSans-51\"/>\r\n    </defs>\r\n    <g style=\"fill:#ff0000;\" transform=\"translate(395.767238 115.124789)scale(0.1 -0.1)\">\r\n     <use xlink:href=\"#DejaVuSans-51\"/>\r\n    </g>\r\n   </g>\r\n   <g id=\"text_18\">\r\n    <!-- 4 -->\r\n    <g style=\"fill:#ff0000;\" transform=\"translate(313.103773 86.712085)scale(0.1 -0.1)\">\r\n     <use xlink:href=\"#DejaVuSans-52\"/>\r\n    </g>\r\n   </g>\r\n   <g id=\"text_19\">\r\n    <!-- 5 -->\r\n    <defs>\r\n     <path d=\"M 10.796875 72.90625 \r\nL 49.515625 72.90625 \r\nL 49.515625 64.59375 \r\nL 19.828125 64.59375 \r\nL 19.828125 46.734375 \r\nQ 21.96875 47.46875 24.109375 47.828125 \r\nQ 26.265625 48.1875 28.421875 48.1875 \r\nQ 40.625 48.1875 47.75 41.5 \r\nQ 54.890625 34.8125 54.890625 23.390625 \r\nQ 54.890625 11.625 47.5625 5.09375 \r\nQ 40.234375 -1.421875 26.90625 -1.421875 \r\nQ 22.3125 -1.421875 17.546875 -0.640625 \r\nQ 12.796875 0.140625 7.71875 1.703125 \r\nL 7.71875 11.625 \r\nQ 12.109375 9.234375 16.796875 8.0625 \r\nQ 21.484375 6.890625 26.703125 6.890625 \r\nQ 35.15625 6.890625 40.078125 11.328125 \r\nQ 45.015625 15.765625 45.015625 23.390625 \r\nQ 45.015625 31 40.078125 35.4375 \r\nQ 35.15625 39.890625 26.703125 39.890625 \r\nQ 22.75 39.890625 18.8125 39.015625 \r\nQ 14.890625 38.140625 10.796875 36.28125 \r\nz\r\n\" id=\"DejaVuSans-53\"/>\r\n    </defs>\r\n    <g style=\"fill:#ff0000;\" transform=\"translate(464.644783 53.118026)scale(0.1 -0.1)\">\r\n     <use xlink:href=\"#DejaVuSans-53\"/>\r\n    </g>\r\n   </g>\r\n   <g id=\"text_20\">\r\n    <!-- 6 -->\r\n    <g style=\"fill:#ff0000;\" transform=\"translate(322.604035 108.628509)scale(0.1 -0.1)\">\r\n     <use xlink:href=\"#DejaVuSans-54\"/>\r\n    </g>\r\n   </g>\r\n   <g id=\"text_21\">\r\n    <!-- 7 -->\r\n    <defs>\r\n     <path d=\"M 8.203125 72.90625 \r\nL 55.078125 72.90625 \r\nL 55.078125 68.703125 \r\nL 28.609375 0 \r\nL 18.3125 0 \r\nL 43.21875 64.59375 \r\nL 8.203125 64.59375 \r\nz\r\n\" id=\"DejaVuSans-55\"/>\r\n    </defs>\r\n    <g style=\"fill:#ff0000;\" transform=\"translate(632.305196 213.079411)scale(0.1 -0.1)\">\r\n     <use xlink:href=\"#DejaVuSans-55\"/>\r\n    </g>\r\n   </g>\r\n   <g id=\"text_22\">\r\n    <!-- 8 -->\r\n    <g style=\"fill:#ff0000;\" transform=\"translate(681.325536 114.39095)scale(0.1 -0.1)\">\r\n     <use xlink:href=\"#DejaVuSans-56\"/>\r\n    </g>\r\n   </g>\r\n   <g id=\"text_23\">\r\n    <!-- 9 -->\r\n    <defs>\r\n     <path d=\"M 10.984375 1.515625 \r\nL 10.984375 10.5 \r\nQ 14.703125 8.734375 18.5 7.8125 \r\nQ 22.3125 6.890625 25.984375 6.890625 \r\nQ 35.75 6.890625 40.890625 13.453125 \r\nQ 46.046875 20.015625 46.78125 33.40625 \r\nQ 43.953125 29.203125 39.59375 26.953125 \r\nQ 35.25 24.703125 29.984375 24.703125 \r\nQ 19.046875 24.703125 12.671875 31.3125 \r\nQ 6.296875 37.9375 6.296875 49.421875 \r\nQ 6.296875 60.640625 12.9375 67.421875 \r\nQ 19.578125 74.21875 30.609375 74.21875 \r\nQ 43.265625 74.21875 49.921875 64.515625 \r\nQ 56.59375 54.828125 56.59375 36.375 \r\nQ 56.59375 19.140625 48.40625 8.859375 \r\nQ 40.234375 -1.421875 26.421875 -1.421875 \r\nQ 22.703125 -1.421875 18.890625 -0.6875 \r\nQ 15.09375 0.046875 10.984375 1.515625 \r\nz\r\nM 30.609375 32.421875 \r\nQ 37.25 32.421875 41.125 36.953125 \r\nQ 45.015625 41.5 45.015625 49.421875 \r\nQ 45.015625 57.28125 41.125 61.84375 \r\nQ 37.25 66.40625 30.609375 66.40625 \r\nQ 23.96875 66.40625 20.09375 61.84375 \r\nQ 16.21875 57.28125 16.21875 49.421875 \r\nQ 16.21875 41.5 20.09375 36.953125 \r\nQ 23.96875 32.421875 30.609375 32.421875 \r\nz\r\n\" id=\"DejaVuSans-57\"/>\r\n    </defs>\r\n    <g style=\"fill:#ff0000;\" transform=\"translate(285.683056 319.239533)scale(0.1 -0.1)\">\r\n     <use xlink:href=\"#DejaVuSans-57\"/>\r\n    </g>\r\n   </g>\r\n   <g id=\"text_24\">\r\n    <!-- 10 -->\r\n    <g style=\"fill:#ff0000;\" transform=\"translate(564.084281 157.883853)scale(0.1 -0.1)\">\r\n     <use xlink:href=\"#DejaVuSans-49\"/>\r\n     <use x=\"63.623047\" xlink:href=\"#DejaVuSans-48\"/>\r\n    </g>\r\n   </g>\r\n   <g id=\"text_25\">\r\n    <!-- 11 -->\r\n    <g style=\"fill:#ff0000;\" transform=\"translate(384.865127 311.482141)scale(0.1 -0.1)\">\r\n     <use xlink:href=\"#DejaVuSans-49\"/>\r\n     <use x=\"63.623047\" xlink:href=\"#DejaVuSans-49\"/>\r\n    </g>\r\n   </g>\r\n   <g id=\"text_26\">\r\n    <!-- 12 -->\r\n    <g style=\"fill:#ff0000;\" transform=\"translate(411.560567 63.61926)scale(0.1 -0.1)\">\r\n     <use xlink:href=\"#DejaVuSans-49\"/>\r\n     <use x=\"63.623047\" xlink:href=\"#DejaVuSans-50\"/>\r\n    </g>\r\n   </g>\r\n   <g id=\"text_27\">\r\n    <!-- 13 -->\r\n    <g style=\"fill:#ff0000;\" transform=\"translate(655.368929 194.40609)scale(0.1 -0.1)\">\r\n     <use xlink:href=\"#DejaVuSans-49\"/>\r\n     <use x=\"63.623047\" xlink:href=\"#DejaVuSans-51\"/>\r\n    </g>\r\n   </g>\r\n   <g id=\"text_28\">\r\n    <!-- 14 -->\r\n    <g style=\"fill:#ff0000;\" transform=\"translate(72.659364 227.560972)scale(0.1 -0.1)\">\r\n     <use xlink:href=\"#DejaVuSans-49\"/>\r\n     <use x=\"63.623047\" xlink:href=\"#DejaVuSans-52\"/>\r\n    </g>\r\n   </g>\r\n   <g id=\"text_29\">\r\n    <!-- Vizinho mais próximo -->\r\n    <defs>\r\n     <path d=\"M 28.609375 0 \r\nL 0.78125 72.90625 \r\nL 11.078125 72.90625 \r\nL 34.1875 11.53125 \r\nL 57.328125 72.90625 \r\nL 67.578125 72.90625 \r\nL 39.796875 0 \r\nz\r\n\" id=\"DejaVuSans-86\"/>\r\n     <path d=\"M 9.421875 54.6875 \r\nL 18.40625 54.6875 \r\nL 18.40625 0 \r\nL 9.421875 0 \r\nz\r\nM 9.421875 75.984375 \r\nL 18.40625 75.984375 \r\nL 18.40625 64.59375 \r\nL 9.421875 64.59375 \r\nz\r\n\" id=\"DejaVuSans-105\"/>\r\n     <path d=\"M 5.515625 54.6875 \r\nL 48.1875 54.6875 \r\nL 48.1875 46.484375 \r\nL 14.40625 7.171875 \r\nL 48.1875 7.171875 \r\nL 48.1875 0 \r\nL 4.296875 0 \r\nL 4.296875 8.203125 \r\nL 38.09375 47.515625 \r\nL 5.515625 47.515625 \r\nz\r\n\" id=\"DejaVuSans-122\"/>\r\n     <path d=\"M 54.890625 33.015625 \r\nL 54.890625 0 \r\nL 45.90625 0 \r\nL 45.90625 32.71875 \r\nQ 45.90625 40.484375 42.875 44.328125 \r\nQ 39.84375 48.1875 33.796875 48.1875 \r\nQ 26.515625 48.1875 22.3125 43.546875 \r\nQ 18.109375 38.921875 18.109375 30.90625 \r\nL 18.109375 0 \r\nL 9.078125 0 \r\nL 9.078125 54.6875 \r\nL 18.109375 54.6875 \r\nL 18.109375 46.1875 \r\nQ 21.34375 51.125 25.703125 53.5625 \r\nQ 30.078125 56 35.796875 56 \r\nQ 45.21875 56 50.046875 50.171875 \r\nQ 54.890625 44.34375 54.890625 33.015625 \r\nz\r\n\" id=\"DejaVuSans-110\"/>\r\n     <path d=\"M 54.890625 33.015625 \r\nL 54.890625 0 \r\nL 45.90625 0 \r\nL 45.90625 32.71875 \r\nQ 45.90625 40.484375 42.875 44.328125 \r\nQ 39.84375 48.1875 33.796875 48.1875 \r\nQ 26.515625 48.1875 22.3125 43.546875 \r\nQ 18.109375 38.921875 18.109375 30.90625 \r\nL 18.109375 0 \r\nL 9.078125 0 \r\nL 9.078125 75.984375 \r\nL 18.109375 75.984375 \r\nL 18.109375 46.1875 \r\nQ 21.34375 51.125 25.703125 53.5625 \r\nQ 30.078125 56 35.796875 56 \r\nQ 45.21875 56 50.046875 50.171875 \r\nQ 54.890625 44.34375 54.890625 33.015625 \r\nz\r\n\" id=\"DejaVuSans-104\"/>\r\n     <path d=\"M 52 44.1875 \r\nQ 55.375 50.25 60.0625 53.125 \r\nQ 64.75 56 71.09375 56 \r\nQ 79.640625 56 84.28125 50.015625 \r\nQ 88.921875 44.046875 88.921875 33.015625 \r\nL 88.921875 0 \r\nL 79.890625 0 \r\nL 79.890625 32.71875 \r\nQ 79.890625 40.578125 77.09375 44.375 \r\nQ 74.3125 48.1875 68.609375 48.1875 \r\nQ 61.625 48.1875 57.5625 43.546875 \r\nQ 53.515625 38.921875 53.515625 30.90625 \r\nL 53.515625 0 \r\nL 44.484375 0 \r\nL 44.484375 32.71875 \r\nQ 44.484375 40.625 41.703125 44.40625 \r\nQ 38.921875 48.1875 33.109375 48.1875 \r\nQ 26.21875 48.1875 22.15625 43.53125 \r\nQ 18.109375 38.875 18.109375 30.90625 \r\nL 18.109375 0 \r\nL 9.078125 0 \r\nL 9.078125 54.6875 \r\nL 18.109375 54.6875 \r\nL 18.109375 46.1875 \r\nQ 21.1875 51.21875 25.484375 53.609375 \r\nQ 29.78125 56 35.6875 56 \r\nQ 41.65625 56 45.828125 52.96875 \r\nQ 50 49.953125 52 44.1875 \r\nz\r\n\" id=\"DejaVuSans-109\"/>\r\n     <path d=\"M 34.28125 27.484375 \r\nQ 23.390625 27.484375 19.1875 25 \r\nQ 14.984375 22.515625 14.984375 16.5 \r\nQ 14.984375 11.71875 18.140625 8.90625 \r\nQ 21.296875 6.109375 26.703125 6.109375 \r\nQ 34.1875 6.109375 38.703125 11.40625 \r\nQ 43.21875 16.703125 43.21875 25.484375 \r\nL 43.21875 27.484375 \r\nz\r\nM 52.203125 31.203125 \r\nL 52.203125 0 \r\nL 43.21875 0 \r\nL 43.21875 8.296875 \r\nQ 40.140625 3.328125 35.546875